,0,1,2,3,4,5,6,7,8,9,10,11,12,13,14,15,16,17,18
0,0.2627625920140292,-0.18809512603200337,0.15233533632775467,0.29005765290797186,0.23101514566373527,-0.3205548610108778,-0.009300894711158261,-0.08152369310699323,-0.0285069845839554,0.08106867242259315,-0.11549095020040445,0.08021682830934604,0.1722964261210954,0.14625244633825218,-0.06322430042838946,-0.019259110831270423,-0.04189437438990261,0.7133262880708465,-0.17941360217315153
1,0.07631060655428312,0.3363818283650312,-0.3800965410165667,-0.37505308094678935,-0.15464826651819188,0.15099698461817307,0.16359925404650238,-0.187803221475116,0.15955086022714865,0.1707794399939933,0.4437683236217149,-0.14506361482753738,0.13903205206368868,0.2183945462184295,-0.04465420933350531,0.06522076243846338,-0.016064132395252943,0.358012600295981,-0.11328740356507828
2,-0.22698261550800652,-0.02851317921491446,0.3203754926376343,0.26084486061684864,-0.19340246255489046,-0.08147667821607447,-0.29461717958476236,0.42083049758198604,0.43449614025609334,0.1527653102261676,0.4226742825693692,-0.10061406166730373,0.153730839785003,0.1861272401645832,-0.06347877110154664,0.06625697787550201,-0.00715882417423103,-0.0199740336329524,0.0315862958944792
3,0.2809046300030351,-0.131550450898438,-0.08144688735119722,-0.16736498548938478,-0.05603791928056826,-0.0690629145281462,0.05057586649573226,0.19213849706929326,0.4230172292558165,0.3632348553868626,-0.37360354491177833,-0.4852490948776129,-0.22825171109535877,-0.15649689316580856,0.12128979277578135,-0.16928940179476443,-0.12486088574421522,0.00931176056109878,-0.013811715203955882
4,0.12567085978133788,0.17617905386468624,0.42999905226698054,0.025554182592762802,0.32277971265061733,0.4287865775539422,0.4908509822007706,0.037433221245950624,0.378103402142308,-0.10333646701587078,0.02898297010598099,0.2293422823643342,-0.15388080875694804,0.00837555714150609,-0.0153347160871251,-0.007631310174422678,-0.07030580753358895,0.02700423596560811,-0.02101161210767435
5,0.3155140148122951,-0.017035134302283164,-0.04193658973719712,-0.18784751331160776,-0.025203951769978694,-0.04360388279643535,-0.08036845393614972,0.16984576686838812,0.1531851226000051,0.01864114751634953,0.06075657712604933,0.27861530684092534,0.18087149067092512,-0.399303446247097,-0.2116293048929483,-0.08715969133176284,0.6402335905336234,0.07070365126011674,0.24637682431280325
6,0.06558714238745629,0.47538513080503536,0.2352365028458141,-0.01025619186734681,0.06798539176164049,0.11308606580496906,-0.18045484293514674,-0.047767044503556545,-0.12743221208069577,-0.009028559212857602,-0.23806905956763966,-0.2582847158483895,0.4647769533927832,0.06030316808886345,-0.2949645561836796,-0.44038293378779253,-0.10185160510393404,-0.09311242776926236,0.0515989798049222
7,0.3139780938926412,0.0532388685956704,-0.024218614204213187,0.05274499969077075,-0.17792148043139677,-0.07272811665010598,-0.11826796851500979,0.06078943868760537,-0.023498083292399066,-0.11445083211993044,0.33222110084116463,0.25583364376707024,0.000865728724435022,-0.4506634722618234,0.1580496278966248,-0.3213720514186394,-0.4555030839595023,-0.062492374963568506,-0.3291921707824178
8,0.10222370134926015,0.4729080938414319,0.22047140492699915,0.00799596121810111,0.08944403212776973,-0.06007796344200037,-0.1758800723260967,0.018470316892432517,-0.09557580285277734,0.09093496434597005,-0.07374684013959941,-0.11262242637382426,0.09566615546490934,-0.2363724996929978,0.5533475288790152,0.49433385251601664,0.1265548734416726,0.04402346264263023,-0.07271999065969927
9,0.307123548572227,0.05988759838544269,0.08040413434665555,0.19687154416873975,-0.1456167732241256,0.008343876181244252,0.03590526877198899,-0.050231115107959294,-0.1524124757373814,-0.20142536726124907,0.17678136076269982,-0.3333448092298562,-0.23142138732119785,-0.2052676882225154,-0.3925678510619663,0.3411243596492696,-0.230952014723092,0.10396444594399057,0.4419202790065794
10,-0.07763246643365337,0.4792393933613307,0.019378871167928247,-0.022805735682189708,0.020261811163239787,-0.38781244318642427,-0.13758544785714505,-0.039103698720583814,0.02789628947072103,0.29615078885344037,-0.0680416986590247,0.34181669789972413,-0.5466735800225528,0.11541892472149404,-0.24697283630279832,-0.07839743661060318,-0.025869932049479676,-0.014953584260423924,0.04448955240295359
11,0.25718298657090927,-0.05360077168718601,0.008262119135894919,0.21741250384735342,-0.3257576081116389,0.38602149578889267,0.1121004003203621,0.1942333200050925,-0.3641997426515967,0.5814046254098904,-0.08644241040825504,0.24118816668681314,0.06544324644718115,0.16331015877766847,0.0063709583787697095,0.07121533080162494,-0.02955400556922714,-0.05590025785818423,0.042934629283347917
12,0.08422181734886983,-0.188737559643834,0.43327362465202995,-0.2305366229532454,-0.4517603938078702,0.1256641397889884,-0.28935304964340774,-0.5853533123335901,0.1766918092547223,-0.01641147169602698,-0.1112273466079989,0.09907458404952499,-0.07271508567574202,0.07183485143445921,0.018295836568630538,0.04240723073769019,0.03838704145900683,0.030368682299126926,-0.038932553789699044
13,0.18270287332194615,-0.19234046496329604,0.03355772101621622,-0.26774340032921845,0.5420139597759064,0.3160093200179497,-0.5418208330651915,0.06615670971108958,-0.16861913260365757,0.11953530448348126,0.23063242156466318,-0.0563627539935426,-0.2206282929193377,0.11964573509680834,-0.030501266121301933,-0.007123568982354378,-0.045833732774942876,-0.004444944691293057,-0.006475091138230346
14,0.03956702036341313,0.1253964509304,-0.4369435548494744,0.5924818176747892,0.07971609300220935,0.31102874124394536,-0.2923875037346199,-0.30901259996329,0.3493288359701702,-0.024150071703036603,-0.09727384442781135,0.054193161992160906,-0.03941391953538953,-0.03990062975181912,0.07151768100084209,-0.04231456766371668,0.07965532718595442,-0.013926986037033844,0.07127637760935347
15,0.3070149534003937,0.06513962070998294,0.08252081261208129,0.2237743765170806,-0.10021252976947674,-0.0426412387297052,0.09185981647045996,0.002423904805171663,-0.14474254510078222,-0.17536594621451884,0.16242056828804058,-0.3093369565803685,-0.27624464038565594,0.2307465383196146,-0.04188643914415026,-0.12887513984414067,0.4820195193791436,-0.1951959610861796,-0.4818433659917989
16,0.3160855711944884,0.06790561808334442,-0.035346137970052496,-0.05144576591994693,-0.10562336247536538,-0.11572765122463444,-0.02897222905614172,0.14055545657978835,0.007704035396419402,-0.30894969362542624,0.01465624597047259,0.10280376315717395,-0.04789818327528858,0.466697655812778,0.46328833584755885,-0.2483493061833757,-0.031598349629686454,0.02618463214371991,0.4919828643676714
17,0.29489684258925075,0.04017347394284701,-0.19176022646995677,-0.14775876820894657,-0.048424756636705577,-0.0310986688993797,-0.1500250341811491,0.24558540727000608,0.20285029639056337,-0.2810451770731265,-0.30970855289414334,0.2084705110258004,0.16462113989835514,0.2557476749911307,-0.27228194620681173,0.43848901421028447,-0.17658045003132639,-0.18927816155269006,-0.28503964324124154
18,-0.2763362961429422,0.12088441405095116,-0.01862217825891746,-0.057362338593935164,-0.27851933920716426,0.35712559041774816,-0.17764209467808834,0.37834448584400393,-0.11470141665117839,-0.29978372483037796,-0.23148945039850616,-0.009241390401490714,-0.2752706217584302,-0.10004259477428509,-0.0038725473366740086,-0.1063309621145033,0.06563301403193117,0.5023535029427586,-0.12290283520356104
