,0,1,2,3,4,5,6,7,8,9,10,11,12,13,14,15,16,17,18
0,-0.18350562016047886,0.25152651628696326,-0.3928353730192631,-0.1868455569742207,0.12639401765534614,-0.08681557636257739,-0.006372917310521771,-0.05678001175716056,-0.43084487449985703,0.067113275843588,0.0003498881315504962,-0.2531360005661794,0.01600495533859407,-0.021471406252139554,-0.28888644586891155,0.4655310262161368,-0.3210257763700823,-0.03547656474430303,-0.1662376167698771
1,-0.07421483494150338,-0.3074325077234571,0.34363213359962036,0.21816858426141017,0.07828303614903871,-0.31707276063194234,0.24648139009769462,-0.1562475374672977,-0.05755532636133984,-0.5166735716913836,0.28564325780114813,-0.18129566165484173,-0.05748601357200318,0.2758324219899352,-0.050670705455845455,0.252931946076379,-0.054951700679359505,-0.04166820671400327,-0.08400315972699947
2,0.012350228062225625,0.31073446821733436,0.23696416905078238,-0.20951503885387224,0.04911354642452657,0.31061119518510294,0.5075354918773342,0.43941507223042003,-0.3323106781448954,-0.22121747662838928,-0.016235102827427475,0.22194904888577516,-0.13529942838711462,0.012663225545662158,0.10258804393482562,0.04155865667485095,0.0798435940582961,-0.06800831221171819,0.055346978104465865
3,-0.2566379835155548,-0.10673543999781715,0.09786967787389671,0.14262576322386813,0.21582606856783382,-0.3914637587621576,0.3262663520549046,0.3781398089784901,0.12609881637132073,0.4607625723702215,0.03679461084217468,-0.25002430241532575,0.010089039259057749,-0.3353640812767706,0.045038833911079934,0.06389667422140932,0.1559709093807377,-0.0728175287523124,0.05638427146143496
4,-0.21717987394587676,0.28206541335340685,-0.007780360616989945,0.15063167864216873,0.1366083324269918,0.32501755840386887,0.09879166074049488,0.009171128555319853,0.451513303201758,-0.2679374426608626,-0.3540415720426916,-0.5231097706587191,0.07036076786150125,0.04518264090315922,0.09828084723889086,-0.018601606332387458,-0.1524018921452892,0.028410761584507775,0.02654528585746442
5,-0.2426174567994868,-0.3090762578044077,0.010070450685172243,-0.02042469963871949,0.3695404030100577,0.13296612734115631,0.08753429748338165,0.09529263152021403,-0.08789820945123407,0.08860825539848641,-0.24485469351518718,0.18031011132339725,0.39190473001303944,0.36974199047274153,-0.42467209413711793,-0.2903384401298538,-0.008662927228363532,-0.04374175371991897,-0.09557352097382925
6,-0.3180140789462192,0.1262991934202066,-0.08639799126020145,0.24962557596990012,-0.27516629310927093,0.0688092944270318,0.013175430916803295,0.10367032818952229,0.09042999993180229,-0.22195963387763634,0.19030222617272774,0.143323328441037,-0.0738335384273987,-0.33941690778234324,-0.3993384776938631,-0.16910260222513082,0.16601664278174824,0.22661667478591582,-0.46896345513063065
7,-0.3016082519175169,-0.10977322812971915,0.11479588801053997,-0.13965159271774674,0.38149075686652967,0.163298671486692,-0.07229079134096035,-0.16004561656109936,0.22232351196517924,-0.023437483715941794,0.0752099489537566,0.42606975345067183,0.03629384137842798,-0.24346404305164332,0.17488783430764596,0.3968344677805754,-0.12490454177679694,0.3916264207397645,0.08039069922809178
8,-0.3423575457685004,-0.0060098454182531125,-0.13109395962033674,0.25043296707510193,-0.23462932396048664,0.02731083904450557,-0.06529690067533944,0.07720456323884742,-0.0635315934833125,-0.147977260850124,0.13853462559797491,0.14740471533163307,0.08772492244809764,-0.10478225519271313,-0.15701253090047554,-0.040844905507541954,-0.22095127942873655,-0.24072146618512683,0.7198720871866457
9,-0.29430825954153905,0.24361849868043073,0.08416987566981632,-0.18885900111500772,0.03172620373535261,-0.06055122376008315,0.06568788613568953,-0.13764884600123828,0.22364652777457247,0.19522989052474757,0.38497643013705324,0.13951799484815425,-0.1304837390315637,0.19786451452532478,0.18064227893846233,-0.2979594870861978,-0.39952132518463224,-0.36237655404502433,-0.24293776933633757
10,-0.265904734025148,-0.13144141228182038,-0.21799500251168674,0.3257915097143228,-0.3332081534830835,0.0918235105183377,-0.019943000537668315,0.2162144426476333,-0.10885374033430037,0.12319359145137715,-0.08085142777503984,0.12565644773510412,0.19407310618218823,0.3424804217188105,0.5094319807778767,0.259828657697277,0.03324823041649553,0.02194529863590639,-0.2425321429725778
11,0.18257179538462892,0.13408853917993913,-0.13307562829492484,0.21479368282925657,0.45561005313490527,-0.10870362387953764,-0.49202795916616066,0.545289665614613,0.04567568316575509,-0.2114335140589994,0.209816046756734,0.05388525304090259,-0.10166697342835931,0.10503467151328752,0.05082982098652197,-0.03120148058419513,-0.06199591871733869,-0.03673865100814569,-0.04666207974543307
12,0.13521756096784318,-0.22728382216939527,-0.345636049649774,-0.4267470576895945,-0.09542721331418386,-0.00806929603040198,0.17397951787111118,0.19765645769806933,0.1557638667750216,-0.2513795783864383,0.3503603963376217,-0.15412604602719202,0.4981636602101673,-0.14461960763614778,0.14810591367267745,-0.1129298558841047,-0.06553521598317358,0.08874537398824836,-0.008380191274523044
13,0.07069575056439573,0.2974100376327947,0.44172143119702784,0.2238808516028073,0.030676860458903284,-0.05050115934174387,-0.15625169950791298,-0.11184021185809115,-0.3347520577259048,0.03205004040744926,0.053678124870608454,-0.0653134328509769,0.5961409534220297,-0.24887469965449927,0.15250028840713498,-0.13340195082590564,-0.17236703849006857,0.07646671476792742,-0.08202866714296675
14,-0.1406006791419145,0.21546081912170334,0.1635425717231912,-0.3498945289719908,-0.2417344369862938,-0.5539781661585337,-0.1679417131704896,0.17421431838298876,0.21110955061786663,-0.2153938704298447,-0.4197395603553348,0.21352075672206183,0.14837155150564976,0.07656076867165247,-0.05964424754276029,0.11709964274299,0.02181379561936695,-0.046303643174211886,-0.015933041739058525
15,-0.29063888872646054,0.2486196159067737,0.1167565960187269,-0.21249058763162548,-0.04537304936669072,0.0070317461723287955,-0.17954629552871665,0.0036285428286751617,-0.06917359527794968,0.1363913469542342,0.3352350186876607,-0.2594286532284844,0.016745619784809367,0.3951922833657491,-0.042442465188782294,-0.05818883382755194,0.40750003807637336,0.41271651048859925,0.24385566261317282
16,-0.28138229808024146,-0.20702138959528574,0.14812050004761607,-0.24482813431899308,0.052167491247289775,0.24533200790312448,-0.36721558827914774,-0.03820945773991187,-0.12488125169570108,-0.13732388480515367,0.009055825297956746,-0.16551702461084308,0.012826250583530508,-0.23505415021432802,0.10360838043650462,0.09647921845000804,0.3847331815449204,-0.5442227475725583,-0.12362105182136632
17,-0.22334956581614884,-0.34779716776751196,0.12438407700395011,-0.17821093467689916,-0.09636807023355516,-0.04316035269452516,-0.16637467694739808,0.17684168234680708,-0.3073770587232219,-0.06888773871171078,-0.19486169305619988,-0.2060126129487306,-0.33497882694564163,-0.1147439215603645,0.17941254424896833,-0.34535401381937797,-0.38619872517936704,0.3254856807229825,-0.01594855590806583
18,0.1795143317338369,-0.15611367714932448,0.3989856914820937,-0.0784543323897871,-0.3085677584845025,0.3020255608334822,-0.15369550385182393,0.32724636636866333,0.22758321852454527,0.2552164954882232,0.13932186596163307,-0.11139680329760063,0.04218702465600696,0.07637717239436467,-0.32939121578814257,0.32805931306246117,-0.2926852041041371,-0.014651940384089143,-0.05048806307221926
