,0,1,2,3,4,5,6,7,8,9,10,11,12,13,14,15,16,17,18
0,0.24460817994842596,0.14904183310928362,-0.23943298195029739,0.4256597921880673,0.004818850806029508,-0.014329686442924214,0.0908403614079967,-0.21562484975274196,-0.09021120206047688,-0.1801994301139311,-0.040388929554610875,-0.15471691416185374,-0.06424772943665058,-0.06816462857164468,-0.08042055838241007,-0.2975619144596293,0.6220110243573573,0.2266340261720045,0.12743791807323526
1,0.017480551089180674,-0.3485232258353844,0.34365172468094435,0.24194253119725698,-0.22199834618194028,-0.3596801482691132,-0.45419493219368645,0.43651790384363304,-0.032673291449039056,-0.0020271978859197487,0.10628748749927949,-0.24915835482335244,-0.13771493379592778,-0.018256332651384096,-0.019538435503732396,0.029245275539733703,0.15846551056566116,0.05255440103848501,0.056936085834679316
2,-0.11299455573651218,0.29336374609775834,-0.08190215545565056,-0.008351819978465746,-0.6333270111362794,-0.3562532444949878,0.38935739456703305,0.16874069525658578,0.2650423125493608,-0.0649374776523779,0.099150404725808,0.017956706036926156,0.23518146247302496,-0.17946103970308497,-0.1027708939235684,0.03254554900624041,0.0042863893616765635,-0.04892972325811268,-0.011508770133279257
3,0.27236399555274116,-0.12813548985659307,0.14159165723748196,0.0583464797652071,0.11963958243839634,0.16112213251316118,0.29084417696953097,0.41751692042023475,0.2935582701398878,0.006249882732657427,-0.6163060981214468,-0.030501238115152332,0.10999360182795237,0.18454392138226924,-0.2573403094483872,-0.027972781879030847,-0.007547378558961079,0.07898989924029653,0.018027054925634688
4,0.22019502279478825,0.2550276399051512,-0.05594877284572944,-0.3266220395523869,0.11594095606843191,0.24900436986463498,5.782335325972554e-05,0.4369661051158773,-0.011692784201662617,-0.4508030041642554,0.1673206665770049,-0.19391328108773026,-0.28947377260010704,-0.352342461130006,0.0973314112247518,-0.022746278102159536,0.02831363857115024,-0.15026445130558694,0.002682547836723486
5,0.28796776243856087,-0.1942499542861194,0.0032924962653519824,0.11426079639559397,-0.18998145883985448,-0.047954280578488814,0.11507412459185595,0.06943186504532702,-0.1825198537569734,-0.21264479081734003,-0.09500735259025575,0.2422507171567072,0.124310268172589,0.08287989287917681,0.6798354907279996,-0.2425781248502344,-0.1356687794593745,0.06447143782472906,-0.31252438551382233
6,0.2868022831818209,0.04848590260073464,-0.17970603987961298,-0.21734785322091277,-0.04738426962926614,0.0367533635706135,-0.3769811013048317,-0.025114739695952112,0.12112719930759996,-0.3123995389119297,0.2087325413264184,0.002830081714756197,0.46074479992432343,0.333071012515211,-0.20473094750216114,0.20337370922150613,0.016123734680174626,0.3178314413955267,-0.1609365960577075
7,0.3213829149929117,-0.0013081593756437138,0.05479572700375454,0.022688757040313937,-0.06624300322667968,-0.07290390671292886,0.1892749446625149,0.019002334344762548,-0.16941227311680845,-0.07468561063265555,0.1474559930551322,0.28164250452843265,-0.13271586864731055,0.27587140611963906,0.09317152921272401,0.37664401482408283,-0.018664723632216607,-0.05881902967524032,0.6810963877532856
8,0.2642061141249188,-0.13700101936216202,-0.26361751791171556,-0.22758579746346724,-0.16293836021758318,-0.15921427280194791,-0.2705093470157283,-0.1494919623395518,0.23964429527406925,0.03927854080217194,-0.09341142521816918,0.057987819374401825,-0.12360929023476769,0.14427816543238672,-0.12072899628569908,-0.48099463386192814,-0.06844896211944848,-0.5077473527518999,0.1647277428050141
9,0.29340166972953197,0.194870655141615,0.06437463608178981,0.015591237352307115,0.03606565139032403,-0.015340295626124892,0.10590948188900004,-0.06420889688968903,0.20075739717448815,0.36040209758492486,0.12806208591622717,-0.38753411609202665,-0.07040971347088196,0.2941542498107216,0.27289747838915507,0.30764679654613714,0.24589817138683975,-0.3186787479774271,-0.30866870057824936
10,0.23548251746874146,-0.2668025983384772,-0.2282762892896702,-0.220733318377286,-0.12161899949297601,-0.09691854888024526,-0.09964925689032575,-0.18774623659737694,0.22547164011573184,0.1669881709954237,-0.24468087810040118,0.15996709122847289,-0.25625664353802485,-0.4688720024062095,0.08668761910598159,0.38923109386814575,0.12353289951262154,0.27145656536567475,-0.07425846396063444
11,0.1918988029789626,0.34623291839146964,0.17748331187595712,0.20448062844832898,0.07645234072554535,0.15127382507533083,-0.30385573036714875,0.19941195161463537,0.05496112138581738,0.3203308312170205,0.0699449137302913,0.5613529463707428,0.23235784993066455,-0.2672967461375325,-0.022985218791974522,-0.04538485193658767,0.16745081162674247,-0.16205085324703583,-0.03456491522237516
12,-0.19552180458157242,-0.24739055389310885,-0.11802358880764263,0.3430461900520849,0.2628218942675454,0.04637253579327589,0.07971243233345615,0.03155233524885421,0.6659391634470746,-0.25224099570622566,0.3308438717307085,0.20445621510607315,-0.09988640577313926,0.04105382139870709,0.1222457020394254,0.04493875346549391,0.0035018952857412966,-0.05807545823438302,-0.00342979570536079
13,-0.04736347366382422,-0.1461981691548828,-0.5800418919620697,-0.08540657100027282,0.35889782468893744,-0.3301647769532154,0.13276204161223296,0.43213927792808227,-0.21980638764107538,0.28949788448727953,0.128217299409849,0.02277850494103329,0.18123139204904995,0.006945182829587398,0.025225984539054207,-0.019774052390096122,0.08614486933814991,0.002786735594270797,0.004673752482567682
14,0.08283159849584142,0.27920237955064914,0.3055196863094126,-0.1258843977238877,0.4587705249028627,-0.684605177348059,0.011930218783111221,-0.16889256502428782,0.08346791768045647,-0.2273484200474984,-0.1479155000816465,0.08333075499857157,-0.022328824310191828,-0.043252996971236,0.018187378154069494,-0.03205900101298628,-0.039611145715329296,0.039314135263807844,-0.06208313327512678
15,0.3001030362956737,0.17755964698900453,0.009825652390750284,0.09877296517450043,0.029686040061712625,-0.0009405794923690591,0.027438967511269702,0.02001429959235143,0.188830181421538,0.3505352988116135,0.2735749442197809,-0.19933373251559078,-0.14229766704911884,-0.055456768343649154,0.027763698036739,-0.2959343035257495,-0.48543837167684145,0.47584032149586,0.1402391669188027
16,0.24503740994056594,-0.2775947475554554,0.20243601495279234,-0.08898916191892597,-0.017989771419825686,-0.024013417494903065,0.33736940925253883,-0.040615239389979234,-0.18569718365913507,0.02200958486257158,0.3771264446853013,0.25666336331573136,-0.24128625066313075,0.028156095947069165,-0.47123845388261265,-0.09440402714523025,0.07198656882877465,-0.014224064425405927,-0.39898384196963316
17,0.18785723442272384,-0.3626639226628199,0.25017290226023425,-0.10938390722270856,0.14049889262726045,0.057395775231067564,0.16926538518407375,-0.1906970901422851,0.04000360294693314,0.01806137012078489,0.17566607582842325,-0.26227859630845335,0.5631421105622981,-0.3985894284732381,0.06087113274005479,-0.06414637944853185,0.050374300648766884,-0.15710819799854395,0.24075826506368475
18,-0.23465360474346647,-0.016318749558009715,0.23398451566996548,-0.5256190299496646,-0.03638833623337916,0.07073066695301605,0.06394772413619645,0.08513333044539022,0.1883071643970717,0.16406920700535163,0.09738284999407215,0.13854444277775824,-0.03922633956126878,0.21383242411325334,0.23361286428243191,-0.28735260440953,0.45527572812426365,0.3008005055148527,0.15086624445804747
