,0,1,2,3,4,5,6,7,8,9,10,11,12,13,14,15,16,17,18
0,0.23882955363810626,0.12557011714199007,-0.29838384097281584,-0.3584993070349769,0.07074393869555978,-0.332349926862875,0.11867896783267803,0.03353412652811487,-0.016464171818875915,-0.02735512054626405,-0.024347002860866565,0.22344380024152485,-0.021567369022187057,0.18883872305038796,0.2026554627760848,0.3597918026807731,0.1867981096241889,-0.5330691921775546,-0.04156123795549582
1,0.045117236680890516,-0.30465069207093987,0.4424829519318303,0.08397162694033984,0.10478645974856574,0.1592833004066212,0.14581331385553808,-0.11308677996832893,-0.18261917749339418,0.2503368794525256,0.5759426115794976,0.3544383534282721,0.08036665923309069,-0.06770656367655249,0.07976721034098377,0.10405416695715772,0.0410323448939864,-0.21633838189770388,0.042833622816559905
2,-0.12448412517781257,0.3005410879453146,-0.18585002659226413,0.34726740331833283,0.0745058677279747,-0.4193714485041121,-0.25920566945289697,0.4591984635946639,-0.009101511518481977,0.21416909506921422,0.25922812543317586,0.2985686422480732,0.13555215114365096,-0.16267918973684217,-0.02393049764572779,-0.09076142212456452,0.08439023879720713,0.12417197249886103,0.032958110285562836
3,0.2453085441449001,-0.2999990537521482,0.06006610125634235,-0.0057566694324656265,-0.12512532076299507,-0.27441899422370886,0.044874843739286255,0.28869348848842274,0.1817163462675513,0.14603566438775017,0.2593790037263933,-0.2694099635615697,-0.40423832626865813,0.3308686287822624,-0.35566115851380703,0.19667596379057156,-0.10114441156911802,0.1545084293814505,-0.05911802660945223
4,0.08210049896549165,0.4006800241688906,0.07798196053043928,0.21802115279290424,-0.25083809188274014,-0.038929122491540874,0.6143454093565038,-0.07709555334930292,0.08176185652378389,0.15919044688890638,0.07248953985002463,-0.17720540259044865,0.3998402980330458,0.29036763191330117,-0.053703037614125065,-0.040574173770801414,0.10304801930987185,0.0523305339397602,-0.02334552769055828
5,0.2834563694680948,-0.23790899459952775,0.038506312316790026,0.03224147735991001,-0.2247957089819675,-0.13022748662768735,-0.05142050785483781,0.1259609028496621,0.10988756853382903,0.37271112087770086,-0.16564734966654848,-0.33455749313972544,0.26252483420395184,-0.46119280871129037,0.3391501333782183,0.05227850410205035,-0.19793177486407554,-0.14666931670156452,-0.15526614861115787
6,0.0902734271451601,0.40992767513716755,0.2793459657692843,-0.049483431338896613,-0.16153952420979553,0.09138362789422033,0.07819963985959509,0.06050711142594837,0.1740299062974789,0.2670017231346697,-0.18287065856009907,0.28913552838902634,-0.519316042151741,-0.02255001602151762,0.11495914742361611,-0.23413445029583374,-0.33873412585969737,-0.15698040729537716,0.053588561040299694
7,0.3415068510977785,-0.03332235245014731,-0.06722935353278611,0.10323988485078306,-0.18349301966135248,0.037517423332916786,-0.07464793289707679,-0.10008523423455455,-0.094180395786384,0.11301158406240691,-0.1458609832327652,-0.008602970246776032,-0.03455215438548129,-0.21138640846054316,-0.3963976421132901,-0.09526563834391552,0.33748444006295814,-0.177636885711313,0.6448965093164837
8,0.1428070517566585,0.308124315023974,0.3994866689697235,-0.23692731921638766,-0.02148913372269833,0.004603454678468389,-0.15566129837554477,-0.023846703151196393,0.06199226422179162,0.012881162647384595,0.0015342443488442006,-0.06315580935921135,-0.10040861637790965,-0.1889691113061742,0.15990285720641484,0.3721090973563463,0.49069246871016164,0.4266148983106481,-0.05526892855219174
9,0.3079819734478513,0.06673570804383916,-0.16531222320373498,0.22376270134569368,0.041703439726954505,-0.05114053025801363,0.01251596741122147,-0.31435816334558464,0.2122272892923699,-0.2311027677542023,0.30632296619492405,-0.08335928443339649,-0.260946329949371,-0.2391506253097092,0.007440943483538666,-0.3690412304495971,0.26176779270876305,-0.12347491510366854,-0.4188444306083384
10,0.13490608325386066,0.2659651743600902,0.3637028406211549,-0.3260039756617824,0.10393416905673633,-0.1384366739331004,-0.41953030310486183,-0.025761114480421593,-0.020627949733824705,-0.10922640278257423,0.17589101037352584,-0.23436780476768113,0.33418705811265575,0.14142476701023513,-0.258238650720824,-0.25560481175194494,-0.19378019088006226,-0.2557936534100084,-0.031019776044212813
11,0.25121319894498517,0.1453067877921784,-0.21181766627117918,0.20144040898318438,-0.017383682720241714,0.2658655482588165,-0.3378180575512556,-0.12150328048935027,-0.5383349872275998,0.34050893534964854,0.010030290121806049,-0.14231546407421847,-0.10325237688338844,0.3666598680678674,0.1739211394178943,0.02994108899526128,0.0064386895105827124,0.05303490831287716,-0.1589252689621918
12,-0.2791320264978384,-0.057872698290469204,-0.04509134020767416,-0.040206226221158714,0.2510522000332619,-0.29602933492051864,-0.1093402137897545,-0.5771543003743927,0.2615929306321376,0.5460873108872243,-0.13528068719459066,0.011655061065611177,-0.004526798045774534,0.07406429700039384,-0.1473294173740943,0.017203852577767666,0.05568486148597135,0.049990013821378076,-0.03430285172146725
13,-0.026646184326160033,0.10088560662246572,-0.41747776406448195,-0.43347169795715595,0.009647019710739942,0.5147400680849782,-0.0023832728568953764,0.15401665366095607,0.3202489450002705,0.28697290833419486,0.3442303670709428,-0.034701939718453964,0.0921571489945355,-0.09043009061835311,-0.08269549527562324,-0.05237367702733752,0.016987311788658414,0.07170000716643364,0.043084930589767284
14,0.18725925868254412,0.1727114436523736,0.03686915679664253,0.16437644171413812,0.7767600798733062,0.13854065444557334,0.2463025980902674,0.1665972353632796,-0.055868301766735476,0.0589507393210758,-0.13687936790844613,-0.20932693260585988,-0.05821427208418001,-0.1963852775134533,-0.18361047386755458,0.17813514407705205,-0.12155439441451625,-0.06625680938593019,-0.006308869863906631
15,0.31336662156110434,0.10222267289339888,-0.13800008985010778,0.15665523745308596,0.06204900622932366,-0.06593006931441403,-0.11773169665846611,-0.32289437995781245,0.25258786086623297,-0.22154790055151335,0.22747628265668712,0.07135422854078835,0.08716244959927645,0.04080113407002586,0.251578972558359,0.248676787071475,-0.44444044428615154,0.25002098023984376,0.3966051919720371
16,0.3341361513620465,-0.06261610146320934,-0.005308009859055773,0.06514265677207931,-0.10674840758232923,0.16459943250035564,-0.09872857063578279,-0.026925779863617445,0.11670678977617603,-0.01861107176523756,-0.26885770791473496,0.5115008927692466,0.2673369348551298,-0.0042040022843090755,-0.42613185831348693,0.186039827467114,-0.11027908994489632,0.12230480118646846,-0.41049931036321896
17,0.25910837177047413,-0.26104785642580614,0.1253392893729234,0.04679488240172702,0.28972601711460044,0.0718932177555916,-0.07250188831269,0.2177454003117076,0.34085336099106167,0.041549855327202956,-0.20302859332284529,0.12119436770255829,0.14126989274481233,0.40376961239538794,0.3279139079751478,-0.37462145159040816,0.2787583945115711,0.08890798900184567,0.1214700775742252
18,-0.25721607312734135,0.08764164228658863,0.10189838428963441,0.4260870972032071,-0.10306130858398962,0.28962495222902834,-0.29613553943592136,0.06777573672289505,0.41052612556631657,-0.06651488537545153,-0.012388944258158868,-0.1517486203961196,-0.013255833453104156,0.13163179474758818,-0.004654828799984995,0.36342748062661917,0.12322704292774198,-0.43174351086567087,-0.010149594733501067
